7.900000000000001243e+00
8.299999999999998934e+00
7.633333333333332860e+00
8.133333333333332860e+00
6.966666666666665897e+00
7.733333333333334281e+00
6.866666666666667140e+00
7.733333333333333393e+00
6.833333333333333037e+00
7.233333333333333393e+00
7.199999999999999289e+00
6.666666666666666963e+00
7.366666666666667140e+00
7.133333333333332860e+00
9.099999999999999645e+00
7.133333333333332860e+00
8.300000000000000711e+00
6.500000000000000000e+00
6.900000000000001243e+00
7.733333333333333393e+00
7.399999999999999467e+00
6.733333333333334281e+00
7.833333333333333037e+00
7.200000000000000178e+00
7.333333333333333037e+00
7.266666666666665719e+00
8.900000000000000355e+00
7.200000000000000178e+00
8.033333333333333215e+00
6.600000000000000533e+00
6.966666666666665897e+00
7.166666666666666963e+00
6.500000000000000000e+00
7.166666666666666963e+00
8.666666666666666075e+00
7.466666666666665897e+00
6.933333333333333570e+00
6.900000000000001243e+00
6.833333333333333037e+00
8.433333333333333570e+00
7.233333333333334281e+00
8.400000000000000355e+00
9.066666666666668206e+00
7.800000000000000711e+00
6.766666666666666607e+00
7.100000000000000533e+00
7.799999999999999822e+00
7.200000000000000178e+00
7.133333333333332860e+00
6.433333333333333570e+00
7.366666666666667140e+00
7.033333333333334103e+00
6.766666666666666607e+00
7.133333333333332860e+00
6.799999999999999822e+00
7.066666666666666430e+00
8.233333333333332504e+00
6.666666666666666963e+00
8.466666666666666785e+00
7.766666666666666607e+00
7.099999999999998757e+00
7.600000000000000533e+00
7.266666666666665719e+00
7.299999999999999822e+00
7.900000000000001243e+00
7.166666666666666963e+00
7.500000000000000000e+00
7.666666666666666963e+00
7.600000000000000533e+00
7.200000000000000178e+00
7.099999999999998757e+00
7.166666666666666963e+00
6.900000000000001243e+00
6.633333333333332860e+00
7.633333333333333748e+00
7.266666666666666607e+00
7.000000000000000000e+00
6.933333333333333570e+00
7.233333333333333393e+00
7.566666666666667318e+00
7.833333333333333037e+00
7.200000000000000178e+00
6.900000000000001243e+00
9.000000000000000000e+00
7.299999999999999822e+00
6.966666666666665897e+00
6.900000000000001243e+00
7.066666666666666430e+00
8.466666666666666785e+00
7.033333333333334103e+00
7.399999999999999467e+00
7.033333333333334103e+00
6.800000000000000711e+00
7.399999999999999467e+00
6.200000000000000178e+00
6.766666666666666607e+00
8.466666666666666785e+00
7.799999999999999822e+00
8.266666666666665719e+00
7.966666666666665897e+00
7.299999999999999822e+00
7.233333333333334281e+00
6.933333333333332682e+00
7.366666666666667140e+00
8.000000000000000000e+00
7.400000000000001243e+00
6.900000000000001243e+00
8.899999999999998579e+00
7.000000000000000000e+00
7.799999999999999822e+00
9.000000000000000000e+00
8.233333333333332504e+00
8.799999999999998934e+00
6.833333333333333037e+00
6.799999999999999822e+00
7.466666666666665897e+00
7.500000000000000000e+00
7.233333333333333393e+00
6.833333333333333037e+00
7.033333333333334103e+00
7.233333333333333393e+00
8.666666666666666075e+00
7.000000000000000000e+00
7.033333333333334103e+00
8.100000000000001421e+00
8.166666666666666075e+00
6.900000000000001243e+00
6.633333333333332860e+00
7.200000000000000178e+00
7.100000000000000533e+00
8.033333333333333215e+00
8.366666666666667140e+00
7.266666666666666607e+00
7.033333333333334103e+00
6.900000000000001243e+00
7.200000000000000178e+00
7.233333333333333393e+00
7.166666666666666963e+00
7.233333333333333393e+00
7.299999999999999822e+00
7.033333333333334103e+00
6.333333333333333037e+00
8.000000000000000000e+00
7.166666666666666963e+00
7.433333333333333570e+00
6.966666666666665897e+00
6.399999999999999467e+00
6.933333333333333570e+00
7.299999999999999822e+00
7.200000000000000178e+00
7.399999999999999467e+00
8.433333333333331794e+00
7.233333333333333393e+00
6.566666666666666430e+00
7.066666666666666430e+00
6.799999999999999822e+00
7.000000000000000000e+00
7.900000000000001243e+00
8.699999999999999289e+00
7.799999999999999822e+00
6.900000000000001243e+00
7.299999999999999822e+00
8.133333333333334636e+00
7.933333333333333570e+00
9.066666666666666430e+00
8.799999999999998934e+00
7.266666666666666607e+00
8.133333333333332860e+00
8.866666666666667140e+00
8.833333333333333925e+00
7.466666666666665897e+00
6.966666666666665897e+00
8.933333333333333570e+00
7.633333333333332860e+00
7.166666666666666963e+00
7.566666666666666430e+00
7.000000000000000000e+00
7.200000000000000178e+00
6.833333333333333037e+00
7.166666666666666963e+00
7.333333333333333037e+00
6.933333333333333570e+00
7.566666666666667318e+00
7.966666666666665897e+00
6.899999999999999467e+00
7.166666666666666963e+00
6.899999999999999467e+00
7.333333333333333037e+00
7.000000000000000000e+00
8.066666666666664653e+00
7.833333333333333037e+00
7.900000000000001243e+00
6.899999999999999467e+00
7.500000000000000000e+00
7.633333333333332860e+00
6.833333333333333037e+00
7.599999999999998757e+00
6.966666666666665897e+00
7.133333333333332860e+00
6.766666666666665719e+00
7.766666666666665719e+00
7.433333333333332682e+00
7.233333333333333393e+00
7.333333333333333037e+00
7.166666666666666963e+00
7.899999999999999467e+00
8.033333333333333215e+00
8.533333333333333215e+00
7.566666666666666430e+00
7.100000000000000533e+00
6.666666666666666963e+00
7.366666666666667140e+00
7.466666666666665897e+00
7.033333333333334103e+00
7.333333333333333037e+00
9.066666666666668206e+00
7.166666666666666963e+00
7.866666666666667140e+00
6.600000000000000533e+00
7.799999999999999822e+00
7.400000000000001243e+00
7.400000000000001243e+00
6.866666666666667140e+00
7.133333333333332860e+00
7.733333333333333393e+00
7.399999999999999467e+00
7.299999999999999822e+00
7.066666666666666430e+00
7.666666666666666963e+00
6.266666666666666607e+00
7.333333333333333037e+00
7.066666666666666430e+00
7.300000000000000711e+00
8.599999999999999645e+00
7.966666666666665897e+00
7.299999999999999822e+00
7.966666666666665897e+00
8.166666666666666075e+00
7.099999999999998757e+00
7.433333333333333570e+00
6.866666666666667140e+00
6.900000000000001243e+00
6.966666666666665897e+00
6.533333333333334103e+00
7.433333333333332682e+00
7.233333333333333393e+00
7.000000000000000000e+00
7.233333333333334281e+00
7.666666666666666963e+00
7.366666666666667140e+00
7.833333333333333037e+00
7.200000000000000178e+00
6.933333333333333570e+00
7.733333333333334281e+00
7.266666666666666607e+00
7.099999999999998757e+00
7.166666666666666963e+00
6.900000000000001243e+00
8.299999999999998934e+00
8.166666666666666075e+00
7.100000000000000533e+00
7.133333333333332860e+00
7.733333333333333393e+00
7.066666666666667318e+00
7.299999999999999822e+00
7.000000000000000000e+00
6.933333333333333570e+00
6.900000000000001243e+00
7.133333333333332860e+00
7.500000000000000000e+00
6.533333333333334103e+00
7.733333333333333393e+00
8.666666666666666075e+00
6.666666666666666963e+00
8.333333333333333925e+00
6.633333333333332860e+00
6.766666666666666607e+00
8.733333333333332504e+00
7.033333333333334103e+00
7.400000000000001243e+00
7.333333333333333037e+00
7.566666666666666430e+00
7.433333333333333570e+00
6.333333333333333037e+00
8.233333333333332504e+00
7.400000000000001243e+00
6.900000000000001243e+00
8.766666666666667496e+00
7.433333333333332682e+00
7.200000000000000178e+00
7.400000000000001243e+00
7.466666666666665897e+00
8.099999999999999645e+00
7.033333333333334103e+00
7.966666666666667673e+00
6.733333333333333393e+00
7.266666666666666607e+00
7.000000000000000000e+00
7.666666666666666963e+00
6.900000000000001243e+00
7.933333333333333570e+00
8.733333333333332504e+00
7.733333333333333393e+00
6.566666666666666430e+00
6.933333333333333570e+00
7.899999999999999467e+00
7.800000000000000711e+00
7.000000000000000000e+00
7.800000000000000711e+00
7.633333333333333748e+00
9.000000000000000000e+00
6.933333333333333570e+00
6.933333333333333570e+00
7.200000000000000178e+00
6.166666666666666963e+00
8.866666666666667140e+00
6.400000000000001243e+00
7.533333333333334103e+00
7.866666666666667140e+00
7.400000000000001243e+00
8.066666666666668206e+00
7.199999999999999289e+00
8.099999999999999645e+00
7.333333333333333037e+00
6.799999999999999822e+00
7.033333333333334103e+00
7.500000000000000000e+00
7.566666666666666430e+00
7.299999999999999822e+00
6.366666666666667140e+00
8.333333333333332149e+00
7.000000000000000000e+00
7.133333333333332860e+00
7.299999999999999822e+00
7.799999999999999822e+00
6.900000000000001243e+00
7.266666666666665719e+00
6.900000000000001243e+00
7.200000000000000178e+00
7.533333333333334103e+00
6.766666666666665719e+00
7.366666666666667140e+00
7.199999999999999289e+00
7.500000000000000000e+00
8.066666666666668206e+00
7.133333333333332860e+00
6.966666666666665897e+00
6.933333333333333570e+00
9.066666666666666430e+00
7.333333333333333037e+00
7.266666666666666607e+00
8.266666666666665719e+00
7.333333333333333037e+00
7.233333333333333393e+00
8.266666666666667496e+00
7.000000000000000000e+00
7.233333333333333393e+00
7.399999999999999467e+00
6.866666666666667140e+00
7.899999999999999467e+00
7.466666666666665897e+00
6.766666666666666607e+00
6.466666666666665897e+00
7.266666666666666607e+00
8.666666666666666075e+00
7.066666666666666430e+00
7.533333333333334103e+00
7.233333333333333393e+00
7.599999999999998757e+00
6.900000000000001243e+00
7.233333333333333393e+00
7.366666666666667140e+00
7.000000000000000000e+00
7.766666666666666607e+00
8.233333333333334281e+00
7.500000000000000000e+00
8.866666666666667140e+00
6.633333333333332860e+00
7.133333333333332860e+00
8.400000000000000355e+00
6.700000000000000178e+00
7.699999999999999289e+00
7.000000000000000000e+00
6.933333333333333570e+00
7.099999999999998757e+00
8.066666666666668206e+00
7.666666666666666963e+00
7.000000000000000000e+00
6.466666666666665897e+00
7.966666666666665897e+00
7.199999999999999289e+00
6.733333333333333393e+00
7.266666666666665719e+00
8.333333333333333925e+00
7.799999999999999822e+00
8.966666666666666785e+00
6.900000000000001243e+00
7.966666666666667673e+00
7.366666666666667140e+00
7.566666666666666430e+00
7.433333333333332682e+00
6.566666666666666430e+00
6.633333333333332860e+00
8.700000000000001066e+00
7.099999999999998757e+00
7.066666666666666430e+00
7.133333333333332860e+00
7.666666666666666963e+00
7.766666666666666607e+00
8.866666666666667140e+00
6.333333333333333037e+00
6.799999999999999822e+00
7.766666666666666607e+00
7.533333333333332327e+00
7.566666666666666430e+00
6.866666666666667140e+00
7.233333333333334281e+00
7.199999999999999289e+00
7.299999999999999822e+00
6.666666666666666963e+00
6.000000000000000000e+00
8.000000000000000000e+00
8.799999999999998934e+00
7.233333333333334281e+00
7.600000000000000533e+00
7.733333333333333393e+00
7.299999999999999822e+00
8.166666666666666075e+00
6.866666666666667140e+00
6.900000000000001243e+00
7.733333333333333393e+00
7.133333333333332860e+00
7.299999999999999822e+00
8.466666666666666785e+00
8.566666666666668206e+00
6.533333333333334103e+00
7.133333333333332860e+00
7.066666666666666430e+00
7.666666666666666963e+00
6.833333333333333037e+00
7.733333333333333393e+00
6.700000000000000178e+00
7.633333333333332860e+00
8.833333333333333925e+00
7.366666666666667140e+00
7.599999999999998757e+00
7.399999999999999467e+00
6.866666666666667140e+00
7.066666666666667318e+00
7.666666666666666963e+00
7.133333333333332860e+00
6.833333333333333037e+00
8.500000000000000000e+00
7.333333333333333037e+00
6.800000000000000711e+00
7.500000000000000000e+00
7.400000000000001243e+00
6.200000000000000178e+00
7.600000000000000533e+00
7.166666666666666963e+00
7.866666666666667140e+00
7.366666666666667140e+00
7.799999999999999822e+00
7.100000000000000533e+00
7.000000000000000000e+00
8.933333333333333570e+00
6.900000000000001243e+00
7.033333333333334103e+00
7.533333333333334103e+00
7.166666666666666963e+00
7.166666666666666963e+00
6.900000000000001243e+00
7.000000000000000000e+00
8.000000000000000000e+00
7.233333333333333393e+00
6.866666666666667140e+00
7.299999999999999822e+00
7.400000000000001243e+00
8.466666666666666785e+00
7.766666666666666607e+00
7.966666666666665897e+00
7.566666666666666430e+00
7.733333333333333393e+00
7.700000000000000178e+00
7.299999999999999822e+00
7.366666666666667140e+00
6.566666666666667318e+00
6.966666666666665897e+00
8.333333333333333925e+00
7.500000000000000000e+00
7.400000000000001243e+00
6.933333333333333570e+00
7.766666666666666607e+00
7.099999999999998757e+00
8.833333333333332149e+00
6.799999999999999822e+00
7.833333333333333037e+00
8.233333333333334281e+00
8.233333333333332504e+00
7.366666666666667140e+00
8.000000000000000000e+00
7.200000000000000178e+00
7.299999999999999822e+00
6.566666666666666430e+00
7.500000000000000000e+00
7.200000000000000178e+00
8.466666666666666785e+00
8.699999999999999289e+00
6.900000000000001243e+00
7.433333333333333570e+00
7.166666666666666963e+00
7.666666666666666963e+00
6.833333333333333037e+00
8.233333333333332504e+00
7.200000000000000178e+00
6.866666666666667140e+00
8.599999999999999645e+00
7.433333333333333570e+00
7.633333333333332860e+00
8.733333333333334281e+00
8.599999999999999645e+00
7.799999999999999822e+00
7.633333333333332860e+00
7.533333333333334103e+00
6.733333333333333393e+00
7.899999999999999467e+00
8.366666666666667140e+00
7.099999999999998757e+00
6.866666666666667140e+00
7.066666666666666430e+00
6.799999999999999822e+00
6.633333333333332860e+00
8.533333333333333215e+00
6.799999999999999822e+00
6.899999999999999467e+00
7.166666666666666963e+00
7.599999999999998757e+00
7.099999999999998757e+00
7.266666666666666607e+00
8.400000000000000355e+00
7.900000000000001243e+00
7.633333333333332860e+00
7.366666666666667140e+00
7.399999999999999467e+00
6.666666666666666963e+00
7.233333333333333393e+00
8.366666666666667140e+00
7.066666666666666430e+00
6.866666666666667140e+00
6.966666666666665897e+00
6.900000000000001243e+00
7.200000000000000178e+00
6.866666666666667140e+00
7.466666666666665897e+00
9.366666666666667140e+00
7.599999999999998757e+00
7.033333333333334103e+00
8.233333333333332504e+00
7.166666666666666963e+00
8.666666666666667851e+00
6.933333333333332682e+00
7.066666666666666430e+00
7.466666666666665897e+00
8.466666666666666785e+00
8.633333333333332860e+00
7.200000000000000178e+00
8.200000000000001066e+00
6.933333333333333570e+00
7.500000000000000000e+00
6.833333333333333037e+00
6.733333333333333393e+00
7.933333333333333570e+00
8.166666666666666075e+00
7.666666666666666963e+00
7.766666666666666607e+00
6.900000000000001243e+00
6.533333333333334103e+00
8.000000000000000000e+00
7.099999999999998757e+00
6.833333333333333037e+00
7.266666666666666607e+00
6.833333333333333037e+00
7.900000000000001243e+00
7.399999999999999467e+00
7.066666666666666430e+00
7.366666666666667140e+00
7.966666666666667673e+00
6.799999999999999822e+00
7.533333333333334103e+00
8.333333333333333925e+00
6.666666666666666963e+00
7.533333333333332327e+00
9.066666666666666430e+00
7.033333333333334103e+00
7.166666666666666963e+00
6.700000000000000178e+00
7.000000000000000000e+00
6.566666666666666430e+00
6.933333333333333570e+00
7.566666666666666430e+00
7.166666666666666963e+00
6.799999999999999822e+00
7.433333333333333570e+00
6.900000000000001243e+00
6.966666666666665897e+00
7.633333333333332860e+00
7.000000000000000000e+00
8.099999999999999645e+00
7.299999999999999822e+00
6.866666666666667140e+00
6.966666666666665897e+00
7.833333333333333037e+00
6.900000000000001243e+00
7.333333333333333037e+00
7.799999999999999822e+00
8.599999999999999645e+00
9.033333333333333215e+00
9.166666666666666075e+00
6.799999999999999822e+00
7.133333333333332860e+00
7.333333333333333037e+00
7.033333333333334103e+00
6.966666666666665897e+00
7.166666666666666963e+00
7.166666666666666963e+00
7.033333333333334103e+00
6.500000000000000000e+00
6.900000000000001243e+00
7.066666666666666430e+00
6.933333333333333570e+00
7.899999999999999467e+00
6.566666666666666430e+00
7.233333333333333393e+00
8.166666666666666075e+00
7.933333333333332682e+00
7.166666666666666963e+00
8.566666666666668206e+00
7.533333333333334103e+00
7.833333333333333037e+00
7.166666666666666963e+00
6.966666666666665897e+00
8.066666666666664653e+00
6.766666666666666607e+00
7.766666666666666607e+00
7.066666666666666430e+00
7.000000000000000000e+00
7.266666666666666607e+00
6.700000000000000178e+00
6.599999999999998757e+00
6.900000000000001243e+00
7.000000000000000000e+00
7.066666666666666430e+00
7.600000000000000533e+00
6.700000000000000178e+00
7.066666666666666430e+00
8.199999999999999289e+00
6.933333333333333570e+00
6.633333333333332860e+00
8.333333333333333925e+00
7.600000000000000533e+00
8.066666666666666430e+00
8.300000000000000711e+00
6.733333333333333393e+00
6.933333333333332682e+00
8.933333333333333570e+00
7.333333333333333037e+00
7.366666666666667140e+00
6.900000000000001243e+00
6.933333333333333570e+00
6.933333333333333570e+00
7.533333333333334103e+00
7.333333333333333037e+00
6.700000000000000178e+00
7.700000000000000178e+00
6.866666666666667140e+00
8.599999999999999645e+00
8.033333333333333215e+00
7.000000000000000000e+00
7.299999999999999822e+00
8.166666666666666075e+00
7.000000000000000000e+00
7.666666666666666963e+00
9.033333333333333215e+00
6.900000000000001243e+00
5.833333333333333037e+00
7.266666666666666607e+00
7.433333333333333570e+00
6.000000000000000000e+00
7.166666666666666963e+00
7.333333333333333037e+00
7.100000000000000533e+00
7.433333333333333570e+00
7.000000000000000000e+00
8.033333333333333215e+00
8.633333333333332860e+00
6.966666666666665897e+00
7.733333333333334281e+00
8.400000000000000355e+00
6.633333333333332860e+00
8.166666666666666075e+00
7.799999999999999822e+00
7.333333333333333037e+00
7.566666666666666430e+00
7.433333333333333570e+00
7.000000000000000000e+00
7.566666666666667318e+00
7.866666666666667140e+00
7.066666666666666430e+00
6.466666666666665897e+00
7.399999999999999467e+00
8.633333333333334636e+00
7.166666666666666963e+00
7.566666666666666430e+00
8.266666666666665719e+00
7.400000000000001243e+00
7.000000000000000000e+00
7.200000000000000178e+00
8.766666666666665719e+00
6.933333333333333570e+00
8.300000000000000711e+00
6.833333333333333037e+00
7.099999999999998757e+00
6.966666666666665897e+00
7.799999999999999822e+00
7.000000000000000000e+00
7.266666666666666607e+00
7.133333333333332860e+00
7.166666666666666963e+00
8.200000000000001066e+00
7.233333333333334281e+00
6.900000000000001243e+00
7.299999999999999822e+00
6.833333333333333037e+00
7.700000000000000178e+00
7.466666666666665897e+00
6.100000000000000533e+00
9.066666666666668206e+00
7.933333333333333570e+00
7.266666666666666607e+00
6.733333333333334281e+00
7.766666666666666607e+00
6.633333333333332860e+00
7.299999999999999822e+00
7.733333333333333393e+00
7.266666666666666607e+00
7.099999999999998757e+00
7.133333333333332860e+00
7.366666666666667140e+00
8.800000000000000711e+00
7.433333333333333570e+00
7.333333333333333037e+00
7.333333333333333037e+00
8.966666666666666785e+00
7.899999999999999467e+00
7.166666666666666963e+00
8.533333333333333215e+00
7.000000000000000000e+00
7.100000000000000533e+00
8.099999999999999645e+00
7.333333333333333037e+00
7.000000000000000000e+00
8.200000000000001066e+00
7.233333333333333393e+00
7.166666666666666963e+00
7.066666666666667318e+00
7.433333333333333570e+00
7.366666666666667140e+00
7.833333333333333037e+00
8.033333333333333215e+00
6.900000000000001243e+00
7.666666666666666963e+00
7.099999999999998757e+00
7.600000000000000533e+00
7.433333333333332682e+00
8.433333333333333570e+00
7.233333333333333393e+00
7.566666666666667318e+00
7.033333333333334103e+00
7.900000000000001243e+00
6.933333333333333570e+00
7.666666666666666963e+00
7.599999999999998757e+00
6.899999999999999467e+00
7.766666666666666607e+00
7.000000000000000000e+00
8.500000000000000000e+00
7.266666666666666607e+00
6.700000000000000178e+00
7.399999999999999467e+00
7.633333333333332860e+00
6.966666666666665897e+00
7.133333333333332860e+00
8.033333333333333215e+00
6.700000000000000178e+00
7.899999999999999467e+00
7.200000000000000178e+00
7.000000000000000000e+00
6.533333333333334103e+00
7.600000000000000533e+00
7.399999999999999467e+00
7.533333333333334103e+00
8.133333333333332860e+00
7.066666666666666430e+00
6.766666666666666607e+00
7.333333333333333037e+00
7.233333333333333393e+00
7.533333333333334103e+00
7.666666666666666963e+00
7.700000000000000178e+00
7.433333333333333570e+00
7.666666666666666963e+00
8.366666666666667140e+00
6.633333333333332860e+00
7.233333333333334281e+00
7.000000000000000000e+00
8.233333333333332504e+00
7.133333333333332860e+00
7.933333333333333570e+00
7.000000000000000000e+00
6.900000000000001243e+00
6.599999999999998757e+00
7.033333333333334103e+00
7.166666666666666963e+00
7.200000000000000178e+00
7.866666666666667140e+00
7.933333333333333570e+00
7.433333333333333570e+00
7.100000000000000533e+00
7.700000000000000178e+00
7.299999999999999822e+00
7.799999999999999822e+00
8.199999999999999289e+00
8.066666666666666430e+00
7.833333333333333037e+00
7.200000000000000178e+00
7.266666666666665719e+00
7.333333333333333037e+00
7.199999999999999289e+00
7.600000000000000533e+00
8.933333333333333570e+00
7.399999999999999467e+00
8.933333333333333570e+00
7.100000000000000533e+00
7.133333333333332860e+00
7.466666666666665897e+00
7.166666666666666963e+00
9.066666666666668206e+00
7.899999999999999467e+00
8.566666666666668206e+00
6.700000000000000178e+00
8.766666666666665719e+00
6.799999999999999822e+00
7.600000000000000533e+00
6.799999999999999822e+00
7.599999999999998757e+00
7.066666666666667318e+00
6.933333333333333570e+00
7.400000000000001243e+00
8.133333333333332860e+00
8.099999999999999645e+00
7.666666666666666963e+00
8.633333333333332860e+00
8.333333333333333925e+00
7.566666666666666430e+00
7.333333333333333037e+00
7.299999999999999822e+00
6.933333333333333570e+00
8.000000000000000000e+00
8.066666666666668206e+00
7.366666666666667140e+00
7.766666666666666607e+00
7.133333333333332860e+00
8.433333333333333570e+00
8.033333333333333215e+00
7.366666666666667140e+00
8.599999999999999645e+00
7.466666666666665897e+00
7.099999999999998757e+00
8.733333333333334281e+00
6.966666666666665897e+00
7.966666666666667673e+00
6.399999999999999467e+00
6.466666666666665897e+00
6.900000000000001243e+00
7.366666666666667140e+00
8.466666666666666785e+00
7.233333333333333393e+00
7.033333333333334103e+00
6.866666666666667140e+00
7.200000000000000178e+00
7.266666666666666607e+00
6.733333333333334281e+00
6.833333333333333037e+00
6.900000000000001243e+00
6.700000000000000178e+00
8.033333333333333215e+00
6.900000000000001243e+00
6.900000000000001243e+00
7.066666666666666430e+00
8.200000000000001066e+00
7.133333333333332860e+00
8.233333333333332504e+00
7.199999999999999289e+00
7.133333333333332860e+00
7.433333333333333570e+00
6.666666666666666963e+00
6.866666666666667140e+00
8.666666666666666075e+00
6.933333333333333570e+00
6.833333333333333037e+00
6.666666666666666963e+00
7.866666666666667140e+00
7.000000000000000000e+00
6.799999999999999822e+00
7.266666666666666607e+00
7.400000000000001243e+00
7.000000000000000000e+00
8.399999999999998579e+00
7.500000000000000000e+00
7.366666666666667140e+00
8.033333333333333215e+00
7.799999999999999822e+00
7.133333333333332860e+00
7.833333333333333037e+00
7.100000000000000533e+00
8.000000000000000000e+00
6.933333333333333570e+00
7.200000000000000178e+00
6.966666666666665897e+00
7.000000000000000000e+00
7.266666666666665719e+00
7.000000000000000000e+00
8.366666666666665364e+00
6.700000000000000178e+00
7.633333333333332860e+00
7.266666666666666607e+00
7.966666666666665897e+00
7.366666666666667140e+00
7.099999999999998757e+00
6.633333333333332860e+00
7.000000000000000000e+00
8.366666666666667140e+00
7.399999999999999467e+00
7.500000000000000000e+00
7.133333333333332860e+00
7.233333333333333393e+00
8.866666666666667140e+00
7.100000000000000533e+00
7.599999999999998757e+00
7.099999999999998757e+00
7.333333333333333037e+00
7.233333333333333393e+00
8.133333333333332860e+00
7.866666666666667140e+00
7.833333333333333037e+00
8.000000000000000000e+00
6.933333333333333570e+00
7.299999999999999822e+00
6.966666666666665897e+00
7.366666666666667140e+00
6.733333333333333393e+00
6.766666666666666607e+00
6.733333333333333393e+00
6.966666666666665897e+00
7.933333333333332682e+00
7.733333333333333393e+00
7.099999999999998757e+00
7.799999999999999822e+00
7.700000000000000178e+00
8.366666666666667140e+00
7.133333333333332860e+00
7.200000000000000178e+00
8.633333333333332860e+00
7.200000000000000178e+00
6.766666666666666607e+00
8.300000000000000711e+00
8.166666666666666075e+00
7.400000000000001243e+00
7.133333333333332860e+00
7.500000000000000000e+00
7.100000000000000533e+00
7.000000000000000000e+00
7.899999999999999467e+00
7.433333333333333570e+00
8.000000000000000000e+00
8.433333333333331794e+00
7.033333333333334103e+00
9.066666666666668206e+00
7.766666666666666607e+00
7.566666666666666430e+00
6.600000000000000533e+00
8.500000000000000000e+00
7.099999999999998757e+00
7.666666666666666963e+00
7.033333333333334103e+00
7.199999999999999289e+00
7.133333333333333748e+00
7.233333333333334281e+00
7.000000000000000000e+00
6.933333333333333570e+00
